   1   1   1   1 -0.329954075068953E+03
   2   2   1   1  0.355512831099868E+03
   3   3   1   1  0.417486682063217E+03
   4   4   1   1 -0.477530204101353E+03
   5   5   1   1  0.101464968247114E+03
   6   6   1   1 -0.523035703033925E+02
   7   1   2   1  0.202912359004903E+03
   8   2   2   1 -0.327645124271779E+03
   9   3   2   1 -0.159067307025721E+03
  10   4   2   1  0.349998820130539E+03
  11   5   2   1 -0.793656313383123E+02
  12   6   2   1  0.575586990208282E+01
  13   1   1   2 -0.332549457277219E-11
  14   2   1   2  0.482161155561837E-11
  15   3   1   2  0.311519748682551E-11
  16   4   1   2 -0.558912110575772E-11
  17   5   1   2  0.706894117314240E-12
  18   6   1   2  0.205830603033234E-12
  19   1   2   2  0.194327027249374E-11
  20   2   2   2 -0.385040805941726E-11
  21   3   2   2 -0.961594551936340E-12
  22   4   2   2  0.374486991776039E-11
  23   5   2   2 -0.543247231481807E-12
  24   6   2   2 -0.317618287280268E-12
  25   1   1   3 -0.759192992004034E-11
  26   2   1   3  0.117090412562035E-10
  27   3   1   3  0.488947631288555E-11
  28   4   1   3 -0.123077431012583E-10
  29   5   1   3  0.110933608516459E-11
  30   6   1   3  0.584025834337688E-12
  31   1   2   3  0.402944101984806E-11
  32   2   2   3 -0.841426948720996E-11
  33   3   2   3 -0.118498867062826E-11
  34   4   2   3  0.761177870294842E-11
  35   5   2   3 -0.777058277930501E-12
  36   6   2   3 -0.726094726630875E-12
  37   1   1   4 -0.342306112010296E-09
  38   2   1   4  0.499419788216810E-09
  39   3   1   4  0.111738157902797E-09
  40   4   1   4 -0.480768495043841E-09
  41   5   1   4  0.314749315752989E-10
  42   6   1   4 -0.670155986438329E-11
  43   1   2   4  0.156319099660292E-09
  44   2   2   4 -0.314636631985319E-09
  45   3   2   4 -0.237429597765446E-10
  46   4   2   4  0.269806126595320E-09
  47   5   2   4 -0.194709077625089E-10
  48   6   2   4 -0.165526519107823E-10
  49   1   1   5 -0.315287683289057E-08
  50   2   1   5  0.406671190964457E-08
  51   3   1   5  0.457411278500349E-10
  52   4   1   5 -0.357990553545165E-08
  53   5   1   5  0.165254880162098E-09
  54   6   1   5 -0.475293052195641E-09
  55   1   2   5  0.117079653414720E-08
  56   2   2   5 -0.214191200954806E-08
  57   3   2   5 -0.670336740747220E-10
  58   4   2   5  0.176142241988082E-08
  59   5   2   5 -0.896121968270836E-10
  60   6   2   5  0.323304829521087E-11
  61   1   1   6 -0.599630831997800E+03
  62   2   1   6  0.664589806517432E+03
  63   3   1   6 -0.135756452504811E+03
  64   4   1   6 -0.544029543608453E+03
  65   5   1   6  0.169410106303383E+02
  66   6   1   6 -0.155299640438940E+03
  67   1   2   6  0.174472121844747E+03
  68   2   2   6 -0.282758756971934E+03
  69   3   2   6 -0.466177258723129E+00
  70   4   2   6  0.224169594828821E+03
  71   5   2   6 -0.797790042367715E+01
  72   6   2   6  0.177584099543583E+02
  73   1   1   7 -0.143833527792725E-07
  74   2   1   7  0.134630872057889E-07
  75   3   1   7 -0.551903786608939E-08
  76   4   1   7 -0.106850502154106E-07
  77   5   1   7  0.216798052518504E-09
  78   6   1   7 -0.483526601760981E-08
  79   1   2   7  0.319523348780589E-08
  80   2   2   7 -0.457714904204242E-08
  81   3   2   7  0.786169272926779E-10
  82   4   2   7  0.349259279759497E-08
  83   5   2   7 -0.854986160418210E-10
  84   6   2   7  0.569566084119906E-09
  85   1   1   8 -0.192129581832876E-07
  86   2   1   8  0.148543172777597E-07
  87   3   1   8 -0.908271686669279E-08
  88   4   1   8 -0.121451504723700E-07
  89   5   1   8  0.158119389005336E-09
  90   6   1   8 -0.753678049016869E-08
  91   1   2   8  0.317439786575872E-08
  92   2   2   8 -0.406390967249002E-08
  93   3   2   8  0.114664274236887E-09
  94   4   2   8  0.295990572095344E-08
  95   5   2   8 -0.486239010327589E-10
  96   6   2   8  0.750466728854585E-09
  97   1   1   9 -0.698941745664777E-07
  98   2   1   9  0.431824885830296E-07
  99   3   1   9 -0.357448005592032E-07
 100   4   1   9 -0.392087570727426E-07
 101   5   1   9  0.329488701701700E-09
 102   6   1   9 -0.305030606327525E-07
 103   1   2   9  0.833835173231663E-08
 104   2   2   9 -0.972769880408702E-08
 105   3   2   9  0.328914401851457E-09
 106   4   2   9  0.666628061096992E-08
 107   5   2   9 -0.708133806429458E-10
 108   6   2   9  0.237450075326903E-08
 109   1   1  10 -0.255528349754743E-06
 110   2   1  10  0.120026326840231E-06
 111   3   1  10 -0.131613450583782E-06
 112   4   1  10 -0.132239632204194E-06
 113   5   1  10  0.732378009016055E-09
 114   6   1  10 -0.121116147035583E-06
 115   1   2  10  0.212879633822311E-07
 116   2   2  10 -0.232443996071462E-07
 117   3   2  10  0.829564663258033E-09
 118   4   2  10  0.146988361668512E-07
 119   5   2  10 -0.947915060062301E-10
 120   6   2  10  0.706135821919039E-08
 121   1   1  11 -0.234047900826288E-06
 122   2   1  11  0.771672033113856E-07
 123   3   1  11 -0.116112054945991E-06
 124   4   1  11 -0.115216744928674E-06
 125   5   1  11  0.430274039203461E-09
 126   6   1  11 -0.118836396356939E-06
 127   1   2  11  0.131032807025394E-07
 128   2   2  11 -0.138687869243652E-07
 129   3   2  11  0.486823846820334E-09
 130   4   2  11  0.790401451151104E-08
 131   5   2  11 -0.273456526565377E-10
 132   6   2  11  0.504911527283395E-08
 133   1   1  12 -0.738111607550011E-06
 134   2   1  12  0.147047147242602E-06
 135   3   1  12 -0.342549267475060E-06
 136   4   1  12 -0.352760488485408E-06
 137   5   1  12  0.901310794709191E-09
 138   6   1  12 -0.397913744702481E-06
 139   1   2  12  0.265020636202164E-07
 140   2   2  12 -0.284928569136853E-07
 141   3   2  12  0.939291510992833E-09
 142   4   2  12  0.142405621984217E-07
 143   5   2  12 -0.190944733139555E-10
 144   6   2  12  0.120791576443393E-07
 145   1   1  13 -0.845499449341324E-06
 146   2   1  13  0.673553380888791E-07
 147   3   1  13 -0.360095953224504E-06
 148   4   1  13 -0.396613809529373E-06
 149   5   1  13  0.695869103726602E-09
 150   6   1  13 -0.480932269932405E-06
 151   1   2  13  0.182825157846554E-07
 152   2   2  13 -0.213353442521762E-07
 153   3   2  13  0.638655904770520E-09
 154   4   2  13  0.906052588959471E-08
 155   5   2  13  0.121775556551556E-11
 156   6   2  13  0.102631737050372E-07
 157   1   1  14 -0.926211722449494E-05
 158   2   1  14 -0.258750852495855E-06
 159   3   1  14 -0.357623578755517E-05
 160   4   1  14 -0.428082085424822E-05
 161   5   1  14  0.513580209166822E-08
 162   6   1  14 -0.553315847220807E-05
 163   1   2  14  0.109303924036779E-06
 164   2   2  14 -0.153805877476432E-06
 165   3   2  14  0.407042329025524E-08
 166   4   2  14  0.534372696747597E-07
 167   5   2  14  0.609541489124189E-10
 168   6   2  14  0.818137020137679E-07
